NPH_noShunt_001_70yo: 90.64757113008439
NPH_noShunt_002_70yo: 60.720223501910034
NPH_noShunt_001_70yo: 90.64757113008439
NPH_noShunt_002_70yo: 60.720223501910034
NPH_noShunt_003_62yo: 90.90070669050317
NPH_noShunt_004_85yo: 89.36362717811642
NPH_noShunt_005_85yo: 88.59502516899418
NPH_shunt_001_80yo: 72.8431935876726
NPH_shunt_002_70yo: 76.70511656561071
NPH_shunt_003_70yo: 78.50013772935044
NPH_shunt_004_85yo: 79.96459863414378
NPH_shunt_005_85yo: 82.25096584512461
Norm_old_001_81yo: 89.17252403676626
Norm_old_002_64yo: 90.6311802594575
Norm_old_003_96yo: 89.5108546138384
Norm_old_004_64yo: 93.42072237650697
Norm_old_006_70yo: 91.58037728622807
NPH_noShunt_001_70yo: 90.64757113008439
NPH_noShunt_002_70yo: 73.53441012926365
NPH_noShunt_003_62yo: 90.89831159125653
NPH_noShunt_004_85yo: 89.39485794593402
NPH_noShunt_005_85yo: 88.59701284869286
NPH_shunt_001_80yo: 80.81168725881247
NPH_shunt_002_70yo: 82.92370742494532
NPH_shunt_003_70yo: 85.9423933838911
NPH_shunt_004_85yo: 85.48017160061508
NPH_shunt_005_85yo: 87.0381722103291
Norm_old_001_81yo: 89.17722560473919
Norm_old_002_64yo: 65.46943843240318
Norm_old_003_96yo: 89.5411764469639
Norm_old_004_64yo: 93.42072237650697
Norm_old_006_70yo: 91.58037728622807
NPH_noShunt_001_70yo: 84.69361975374488
NPH_noShunt_001_70yo: 86.07402390969476
NPH_noShunt_001_70yo: 86.21631010319697
NPH_noShunt_002_70yo: 64.00163685819513
NPH_noShunt_003_62yo: 85.15934053542028
NPH_noShunt_004_85yo: 70.6651349683711
NPH_noShunt_005_85yo: 83.64722267737179
NPH_noShunt_001_70yo: 86.60992897465931
NPH_noShunt_002_70yo: 65.20569048937246
NPH_noShunt_003_62yo: 84.78675657998602
NPH_noShunt_004_85yo: 81.22158229766596
NPH_noShunt_005_85yo: 82.94703330522975
NPH_noShunt_001_70yo: 87.61492206157473
NPH_noShunt_002_70yo: 67.50523553907999
NPH_noShunt_003_62yo: 84.30534985370083
NPH_noShunt_004_85yo: 77.39902817198967
NPH_noShunt_005_85yo: 79.20986419178459
